BOF
-858993460  0  768
-858993460  1  768
-858993460  2  768
-858993460  3  768
-858993460  4  768
-858993460  5  768
-858993460  6  768
-858993460  7  768
-858993460  8  768
-858993460  9  768
-858993460  10  768
-858993460  11  768
-858993460  12  768
-858993460  13  768
-858993460  14  768
-858993460  15  768
-858993460  16  768
-858993460  17  768
-858993460  18  768
-858993460  19  768
-858993460  20  768
-858993460  21  768
-858993460  22  768
-858993460  23  768
-858993460  24  768
-858993460  25  768
-858993460  26  768
-858993460  27  768
-858993460  28  768
-858993460  29  768
-858993460  30  768
-858993460  31  768
-858993460  32  768
-858993460  33  768
-858993460  34  768
-858993460  35  768
-858993460  36  768
-858993460  37  768
-858993460  38  768
-858993460  39  768
-858993460  40  768
-858993460  41  768
-858993460  42  768
-858993460  43  768
-858993460  44  768
-858993460  45  768
-858993460  46  768
-858993460  47  768
-858993460  48  768
-858993460  49  768
-858993460  50  768
-858993460  51  768
-858993460  52  768
-858993460  53  768
-858993460  54  768
-858993460  55  768
-858993460  56  768
-858993460  57  768
-858993460  58  768
-858993460  59  768
-858993460  60  768
-858993460  61  768
-858993460  62  768
-858993460  63  768
-858993460  64  768
-858993460  65  768
-858993460  66  768
-858993460  67  768
-858993460  68  768
-858993460  69  768
-858993460  70  768
-858993460  71  768
-858993460  72  768
-858993460  73  768
-858993460  74  768
-858993460  75  768
-858993460  76  768
-858993460  77  768
-858993460  78  768
-858993460  79  768
-858993460  80  768
-858993460  81  768
-858993460  82  768
-858993460  83  768
-858993460  84  768
-858993460  85  768
-858993460  86  768
-858993460  87  768
-858993460  88  768
-858993460  89  768
-858993460  90  768
-858993460  91  768
-858993460  92  768
-858993460  93  768
-858993460  94  768
-858993460  95  768
-858993460  96  768
-858993460  97  768
-858993460  98  768
-858993460  99  768
-858993460  100  768
-858993460  101  768
-858993460  102  768
-858993460  103  768
-858993460  104  768
-858993460  105  768
-858993460  106  768
-858993460  107  768
-858993460  108  768
-858993460  109  768
-858993460  110  768
-858993460  111  768
-858993460  112  768
-858993460  113  768
-858993460  114  768
-858993460  115  768
-858993460  116  768
-858993460  117  768
-858993460  118  768
-858993460  119  768
-858993460  120  768
-858993460  121  768
-858993460  122  768
-858993460  123  768
-858993460  124  768
-858993460  125  768
-858993460  126  768
-858993460  127  768
-858993460  128  768
-858993460  129  768
-858993460  130  768
-858993460  131  768
-858993460  132  768
-858993460  133  768
-858993460  134  768
-858993460  135  768
-858993460  136  768
-858993460  137  768
-858993460  138  768
-858993460  139  768
-858993460  140  768
-858993460  141  768
-858993460  142  768
-858993460  143  768
-858993460  144  768
-858993460  145  768
-858993460  146  768
-858993460  147  768
-858993460  148  768
-858993460  149  768
-858993460  150  768
-858993460  151  768
-858993460  152  768
-858993460  153  768
-858993460  154  768
-858993460  155  768
-858993460  156  768
-858993460  157  768
-858993460  158  768
-858993460  159  768
-858993460  160  768
-858993460  161  768
-858993460  162  768
-858993460  163  768
-858993460  164  768
-858993460  165  768
-858993460  166  768
-858993460  167  768
-858993460  168  768
-858993460  169  768
-858993460  170  768
-858993460  171  768
-858993460  172  768
-858993460  173  768
-858993460  174  768
-858993460  175  768
-858993460  176  768
-858993460  177  768
-858993460  178  768
-858993460  179  768
-858993460  180  768
-858993460  181  768
-858993460  182  768
-858993460  183  768
-858993460  184  768
-858993460  185  768
-858993460  186  768
-858993460  187  768
-858993460  188  768
-858993460  189  768
-858993460  190  768
-858993460  191  768
-858993460  192  768
-858993460  193  768
-858993460  194  768
-858993460  195  768
-858993460  196  768
-858993460  197  768
-858993460  198  768
-858993460  199  768
-858993460  200  768
-858993460  201  768
-858993460  202  768
-858993460  203  768
-858993460  204  768
-858993460  205  768
-858993460  206  768
-858993460  207  768
-858993460  208  768
-858993460  209  768
-858993460  210  768
-858993460  211  768
-858993460  212  768
-858993460  213  768
-858993460  214  768
-858993460  215  768
-858993460  216  768
-858993460  217  768
-858993460  218  768
-858993460  219  768
-858993460  220  768
-858993460  221  768
-858993460  222  768
-858993460  223  768
-858993460  224  768
-858993460  225  768
-858993460  226  768
-858993460  227  768
-858993460  228  768
-858993460  229  768
-858993460  230  768
-858993460  231  768
-858993460  232  768
-858993460  233  768
-858993460  234  768
-858993460  235  768
-858993460  236  768
-858993460  237  768
-858993460  238  768
-858993460  239  768
-858993460  240  768
-858993460  241  768
-858993460  242  768
-858993460  243  768
-858993460  244  768
-858993460  245  768
-858993460  246  768
-858993460  247  768
-858993460  248  768
-858993460  249  768
-858993460  250  768
-858993460  251  768
-858993460  252  768
-858993460  253  768
-858993460  254  768
-858993460  255  768
-858993460  256  768
-858993460  257  768
-858993460  258  768
-858993460  259  768
-858993460  260  768
-858993460  261  768
-858993460  262  768
-858993460  263  768
-858993460  264  768
-858993460  265  768
-858993460  266  768
-858993460  267  768
-858993460  268  768
-858993460  269  768
-858993460  270  768
-858993460  271  768
-858993460  272  768
-858993460  273  768
-858993460  274  768
-858993460  275  768
-858993460  276  768
-858993460  277  768
-858993460  278  768
-858993460  279  768
-858993460  280  768
-858993460  281  768
-858993460  282  768
-858993460  283  768
-858993460  284  768
-858993460  285  768
-858993460  286  768
-858993460  287  768
-858993460  288  768
-858993460  289  768
-858993460  290  768
-858993460  291  768
-858993460  292  768
-858993460  293  768
-858993460  294  768
-858993460  295  768
-858993460  296  768
-858993460  297  768
-858993460  298  768
-858993460  299  768
-858993460  300  768
-858993460  301  768
-858993460  302  768
-858993460  303  768
-858993460  304  768
-858993460  305  768
-858993460  306  768
-858993460  307  768
-858993460  308  768
-858993460  309  768
-858993460  310  768
-858993460  311  768
-858993460  312  768
-858993460  313  768
-858993460  314  768
-858993460  315  768
-858993460  316  768
-858993460  317  768
-858993460  318  768
-858993460  319  768
-858993460  320  768
-858993460  321  768
-858993460  322  768
-858993460  323  768
-858993460  324  768
-858993460  325  768
-858993460  326  768
-858993460  327  768
-858993460  328  768
-858993460  329  768
-858993460  330  768
-858993460  331  768
-858993460  332  768
-858993460  333  768
-858993460  334  768
-858993460  335  768
-858993460  336  768
-858993460  337  768
-858993460  338  768
-858993460  339  768
-858993460  340  768
-858993460  341  768
-858993460  342  768
-858993460  343  768
-858993460  344  768
-858993460  345  768
-858993460  346  768
-858993460  347  768
-858993460  348  768
-858993460  349  768
-858993460  350  768
-858993460  351  768
-858993460  352  768
-858993460  353  768
-858993460  354  768
-858993460  355  768
-858993460  356  768
-858993460  357  768
-858993460  358  768
-858993460  359  768
-858993460  360  768
-858993460  361  768
-858993460  362  768
-858993460  363  768
-858993460  364  768
-858993460  365  768
-858993460  366  768
-858993460  367  768
-858993460  368  768
-858993460  369  768
-858993460  370  768
-858993460  371  768
-858993460  372  768
-858993460  373  768
-858993460  374  768
-858993460  375  768
-858993460  376  768
-858993460  377  768
-858993460  378  768
-858993460  379  768
-858993460  380  768
-858993460  381  768
-858993460  382  768
-858993460  383  768
-858993460  384  768
-858993460  385  768
-858993460  386  768
-858993460  387  768
-858993460  388  768
-858993460  389  768
-858993460  390  768
-858993460  391  768
-858993460  392  768
-858993460  393  768
-858993460  394  768
-858993460  395  768
-858993460  396  768
-858993460  397  768
-858993460  398  768
-858993460  399  768
-858993460  400  768
-858993460  401  768
-858993460  402  768
-858993460  403  768
-858993460  404  768
-858993460  405  768
-858993460  406  768
-858993460  407  768
-858993460  408  768
-858993460  409  768
-858993460  410  768
-858993460  411  768
-858993460  412  768
-858993460  413  768
-858993460  414  768
-858993460  415  768
-858993460  416  768
-858993460  417  768
-858993460  418  768
-858993460  419  768
-858993460  420  768
-858993460  421  768
-858993460  422  768
-858993460  423  768
-858993460  424  768
-858993460  425  768
-858993460  426  768
-858993460  427  768
-858993460  428  768
-858993460  429  768
-858993460  430  768
-858993460  431  768
-858993460  432  768
-858993460  433  768
-858993460  434  768
-858993460  435  768
-858993460  436  768
-858993460  437  768
-858993460  438  768
-858993460  439  768
-858993460  440  768
-858993460  441  768
-858993460  442  768
-858993460  443  768
-858993460  444  768
-858993460  445  768
-858993460  446  768
-858993460  447  768
-858993460  448  768
-858993460  449  768
-858993460  450  768
-858993460  451  768
-858993460  452  768
-858993460  453  768
-858993460  454  768
-858993460  455  768
-858993460  456  768
-858993460  457  768
-858993460  458  768
-858993460  459  768
-858993460  460  768
-858993460  461  768
-858993460  462  768
-858993460  463  768
-858993460  464  768
-858993460  465  768
-858993460  466  768
-858993460  467  768
-858993460  468  768
-858993460  469  768
-858993460  470  768
-858993460  471  768
-858993460  472  768
-858993460  473  768
-858993460  474  768
-858993460  475  768
-858993460  476  768
-858993460  477  768
-858993460  478  768
-858993460  479  768
-858993460  480  768
-858993460  481  768
-858993460  482  768
-858993460  483  768
-858993460  484  768
-858993460  485  768
-858993460  486  768
-858993460  487  768
-858993460  488  768
-858993460  489  768
-858993460  490  768
-858993460  491  768
-858993460  492  768
-858993460  493  768
-858993460  494  768
-858993460  495  768
-858993460  496  768
-858993460  497  768
-858993460  498  768
-858993460  499  768
-858993460  500  768
-858993460  501  768
-858993460  502  768
-858993460  503  768
-858993460  504  768
-858993460  505  768
-858993460  506  768
-858993460  507  768
-858993460  508  768
-858993460  509  768
-858993460  510  768
-858993460  511  768
-858993460  512  768
-858993460  513  768
-858993460  514  768
-858993460  515  768
-858993460  516  768
-858993460  517  768
-858993460  518  768
-858993460  519  768
-858993460  520  768
-858993460  521  768
-858993460  522  768
-858993460  523  768
-858993460  524  768
-858993460  525  768
-858993460  526  768
-858993460  527  768
-858993460  528  768
-858993460  529  768
-858993460  530  768
-858993460  531  768
-858993460  532  768
-858993460  533  768
-858993460  534  768
-858993460  535  768
-858993460  536  768
-858993460  537  768
-858993460  538  768
-858993460  539  768
-858993460  540  768
-858993460  541  768
-858993460  542  768
-858993460  543  768
-858993460  544  768
-858993460  545  768
-858993460  546  768
-858993460  547  768
-858993460  548  768
-858993460  549  768
-858993460  550  768
-858993460  551  768
-858993460  552  768
-858993460  553  768
-858993460  554  768
-858993460  555  768
-858993460  556  768
-858993460  557  768
-858993460  558  768
-858993460  559  768
-858993460  560  768
-858993460  561  768
-858993460  562  768
-858993460  563  768
-858993460  564  768
-858993460  565  768
-858993460  566  768
-858993460  567  768
-858993460  568  768
-858993460  569  768
-858993460  570  768
-858993460  571  768
-858993460  572  768
-858993460  573  768
-858993460  574  768
-858993460  575  768
-858993460  576  768
-858993460  577  768
-858993460  578  768
-858993460  579  768
-858993460  580  768
-858993460  581  768
-858993460  582  768
-858993460  583  768
-858993460  584  768
-858993460  585  768
-858993460  586  768
-858993460  587  768
-858993460  588  768
-858993460  589  768
-858993460  590  768
-858993460  591  768
-858993460  592  768
-858993460  593  768
-858993460  594  768
-858993460  595  768
-858993460  596  768
-858993460  597  768
-858993460  598  768
-858993460  599  768
-858993460  600  768
-858993460  601  768
-858993460  602  768
-858993460  603  768
-858993460  604  768
-858993460  605  768
-858993460  606  768
-858993460  607  768
-858993460  608  768
-858993460  609  768
-858993460  610  768
-858993460  611  768
-858993460  612  768
-858993460  613  768
-858993460  614  768
-858993460  615  768
-858993460  616  768
-858993460  617  768
-858993460  618  768
-858993460  619  768
-858993460  620  768
-858993460  621  768
-858993460  622  768
-858993460  623  768
-858993460  624  768
-858993460  625  768
-858993460  626  768
-858993460  627  768
-858993460  628  768
-858993460  629  768
-858993460  630  768
-858993460  631  768
-858993460  632  768
-858993460  633  768
-858993460  634  768
-858993460  635  768
-858993460  636  768
-858993460  637  768
-858993460  638  768
-858993460  639  768
-858993460  640  768
-858993460  641  768
-858993460  642  768
-858993460  643  768
-858993460  644  768
-858993460  645  768
-858993460  646  768
-858993460  647  768
-858993460  648  768
-858993460  649  768
-858993460  650  768
-858993460  651  768
-858993460  652  768
-858993460  653  768
-858993460  654  768
-858993460  655  768
-858993460  656  768
-858993460  657  768
-858993460  658  768
-858993460  659  768
-858993460  660  768
-858993460  661  768
-858993460  662  768
-858993460  663  768
-858993460  664  768
-858993460  665  768
-858993460  666  768
-858993460  667  768
-858993460  668  768
-858993460  669  768
-858993460  670  768
-858993460  671  768
-858993460  672  768
-858993460  673  768
-858993460  674  768
-858993460  675  768
-858993460  676  768
-858993460  677  768
-858993460  678  768
-858993460  679  768
-858993460  680  768
-858993460  681  768
-858993460  682  768
-858993460  683  768
-858993460  684  768
-858993460  685  768
-858993460  686  768
-858993460  687  768
-858993460  688  768
-858993460  689  768
-858993460  690  768
-858993460  691  768
-858993460  692  768
-858993460  693  768
-858993460  694  768
-858993460  695  768
-858993460  696  768
-858993460  697  768
-858993460  698  768
-858993460  699  768
-858993460  700  768
-858993460  701  768
-858993460  702  768
-858993460  703  768
-858993460  704  768
-858993460  705  768
-858993460  706  768
-858993460  707  768
-858993460  708  768
-858993460  709  768
-858993460  710  768
-858993460  711  768
-858993460  712  768
-858993460  713  768
-858993460  714  768
-858993460  715  768
-858993460  716  768
-858993460  717  768
-858993460  718  768
-858993460  719  768
-858993460  720  768
-858993460  721  768
-858993460  722  768
-858993460  723  768
-858993460  724  768
-858993460  725  768
-858993460  726  768
-858993460  727  768
-858993460  728  768
-858993460  729  768
-858993460  730  768
-858993460  731  768
-858993460  732  768
-858993460  733  768
-858993460  734  768
-858993460  735  768
-858993460  736  768
-858993460  737  768
-858993460  738  768
-858993460  739  768
-858993460  740  768
-858993460  741  768
-858993460  742  768
-858993460  743  768
-858993460  744  768
-858993460  745  768
-858993460  746  768
-858993460  747  768
-858993460  748  768
-858993460  749  768
-858993460  750  768
-858993460  751  768
-858993460  752  768
-858993460  753  768
-858993460  754  768
-858993460  755  768
-858993460  756  768
-858993460  757  768
-858993460  758  768
-858993460  759  768
-858993460  760  768
-858993460  761  768
-858993460  762  768
-858993460  763  768
-858993460  764  768
-858993460  765  768
-858993460  766  768
-858993460  767  768
