RAM ADDRESS  |   ACTION   |     BINARY
-------------|------------| TAGS    | BLOCKOFFSET  
-------------|------------| ----------|------------  

     212            m           01010      0
     163            r           10001      1
     194            r           00001      0
     223            m           01111      1
     177            m           11000      1
     225            r           10000      1
     37             w           10010      1
     103            w           10011      1
     235            w           10101      1
     204            m           00110      0
     80             r           01000      0
     218            w           01101      0
     144            m           01000      0
     225            m           10000      1
     145            m           01000      1
     5              r           00010      1
     209            w           01000      1
     220            w           01110      0
     157            w           01110      1
     57             m           11100      1
     133            w           00010      1
     66             m           00001      0
     12             w           00110      0
     201            m           00100      1
     164            w           10010      0
     217            m           01100      1
     217            r           01100      1
     142            r           00111      0
     204            m           00110      0
     42             w           10101      0
     227            w           10001      1
     102            r           10011      0
     191            w           11111      1
     6              w           00011      0
     110            r           10111      0
     176            r           11000      0
     226            r           10001      0
     254            r           11111      0
     162            w           10001      0
     210            w           01001      0
     192            r           00000      0
     234            r           10101      0
     11             r           00101      1
     180            w           11010      0
     133            m           00010      1
     99             r           10001      1
     24             w           01100      0
     66             w           00001      0
     132            r           00010      0
     72             r           00100      0
     156            m           01110      0
     237            r           10110      1
     178            w           11001      0
     61             r           11110      1
     80             w           01000      0
     43             w           10101      1
     41             r           10100      1
     39             w           10011      1
     78             w           00111      0
     243            r           11001      1
     165            m           10010      1
     178            r           11001      0
     152            r           01100      0
     66             w           00001      0
     10             w           00101      0
     203            w           00101      1
     143            w           00111      1
     152            w           01100      0
     220            w           01110      0
     38             m           10011      0
     124            m           11110      0
     123            r           11101      1
     197            r           00010      1
     185            m           11100      1
     11             m           00101      1
     243            r           11001      1
     19             w           01001      1
     63             m           11111      1
     202            m           00101      0
     13             r           00110      1
     55             m           11011      1
     183            r           11011      1
     175            m           10111      1
     89             w           01100      1
     72             w           00100      0
     226            m           10001      0
     144            w           01000      0
     107            m           10101      1
     126            m           11111      0
     200            m           00100      0
     168            w           10100      0
     93             w           01110      1
     183            w           11011      1
     51             w           11001      1
     24             r           01100      0
     76             m           00110      0
     245            m           11010      1
     51             w           11001      1
     100            r           10010      0
     214            w           01011      0
     222            r           01111      0
     152            r           01100      0
     242            m           11001      0
     163            r           10001      1
     58             m           11101      0
     123            r           11101      1
     143            m           00111      1
     217            w           01100      1
     121            w           11100      1
     182            w           11011      0
     233            w           10100      1
     166            m           10011      0
     43             r           10101      1
     103            w           10011      1
     22             m           01011      0
     186            m           11101      0
     134            w           00011      0
     113            m           11000      1
     12             r           00110      0
     202            m           00101      0
     227            m           10001      1
     251            w           11101      1
     38             w           10011      0
     14             m           00111      0
     65             m           00000      1
     239            m           10111      1
     166            w           10011      0
     196            r           00010      0
     193            r           00000      1
     124            w           11110      0
     45             m           10110      1
     171            r           10101      1
     40             r           10100      0
     149            w           01010      1
     68             w           00010      0
     136            w           00100      0
     96             r           10000      0
     112            r           11000      0
     215            r           01011      1
     165            m           10010      1
     247            r           11011      1
     7              w           00011      1
     181            r           11010      1
     77             r           00110      1
     158            m           01111      0
     154            m           01101      0
     17             w           01000      1
     81             w           01000      1
     172            w           10110      0
     43             r           10101      1
     4              w           00010      0
     135            r           00011      1
     153            r           01100      1
     1              m           00000      1
     9              w           00100      1
     69             r           00010      1
     131            r           00001      1
     38             m           10011      0
     127            r           11111      1
     234            r           10101      0
     172            m           10110      0
     232            m           10100      0
     42             m           10101      0
     86             w           01011      0
     250            m           11101      0
     92             r           01110      0
     179            m           11001      1
     108            w           10110      0
     118            w           11011      0
     214            r           01011      0
     35             r           10001      1
     151            m           01011      1
     205            r           00110      1
     114            w           11001      0
     108            w           10110      0
     67             w           00001      1
     210            m           01001      0
     143            m           00111      1
     225            w           10000      1
     95             m           01111      1
     250            w           11101      0
     79             w           00111      1
     184            m           11100      0
     226            m           10001      0
     223            r           01111      1
     24             m           01100      0
     143            r           00111      1
     67             m           00001      1
     190            w           11111      0
     22             w           01011      0
     229            w           10010      1
     255            w           11111      1
     248            w           11100      0
     183            r           11011      1
     156            r           01110      0
     23             r           01011      1
     149            m           01010      1
     45             m           10110      1
     125            w           11110      1
     143            r           00111      1
     188            w           11110      0
     239            m           10111      1
     180            m           11010      0
     240            r           11000      0
     60             r           11110      0
     56             r           11100      0
     80             w           01000      0
     198            w           00011      0
     6              r           00011      0
     134            m           00011      0
     196            w           00010      0
     35             w           10001      1
     177            w           11000      1
     29             m           01110      1
     105            w           10100      1
     27             r           01101      1
     245            r           11010      1
     130            r           00001      0
     250            r           11101      0
     70             w           00011      0
     48             m           11000      0
     1              m           00000      1
     22             r           01011      0
     66             m           00001      0
     229            m           10010      1
     39             m           10011      1
     194            m           00001      0
     46             r           10111      0
     55             r           11011      1
     72             r           00100      0
     228            r           10010      0
     47             m           10111      1
     114            r           11001      0
     250            w           11101      0
     201            r           00100      1
     239            w           10111      1
     131            r           00001      1
     152            w           01100      0
     160            r           10000      0
     25             w           01100      1
     123            w           11101      1
     192            m           00000      0
     252            m           11110      0
     222            w           01111      0
     16             w           01000      0
     213            w           01010      1
     86             r           01011      0
     115            m           11001      1
     28             w           01110      0
     126            m           11111      0
     137            r           00100      1
     144            m           01000      0
     27             w           01101      1
     37             r           10010      1
     85             w           01010      1
     243            r           11001      1
     177            r           11000      1
     122            r           11101      0
     220            r           01110      0
     219            w           01101      1
     34             m           10001      0
     237            r           10110      1
     39             r           10011      1
     142            m           00111      0
     217            r           01100      1
     55             r           11011      1
     162            r           10001      0
     212            r           01010      0
     226            m           10001      0
     210            r           01001      0
     156            m           01110      0
     121            r           11100      1
     112            r           11000      0
     124            w           11110      0
     201            w           00100      1
     206            w           00111      0
     87             r           01011      1
     184            r           11100      0
     192            w           00000      0
     41             m           10100      1
     146            r           01001      0
     77             w           00110      1
     125            w           11110      1
     96             r           10000      0
     191            m           11111      1
     197            r           00010      1
     223            r           01111      1
     82             r           01001      0
     158            r           01111      0
     239            m           10111      1
     43             m           10101      1
     95             m           01111      1
     150            r           01011      0
     93             r           01110      1
     135            w           00011      1
     235            m           10101      1
     48             w           11000      0
     231            r           10011      1
     128            w           00000      0
     223            m           01111      1
     153            m           01100      1
     38             m           10011      0
     133            r           00010      1
     39             w           10011      1
     36             w           10010      0
     250            r           11101      0
     105            r           10100      1
     53             w           11010      1
     198            w           00011      0
     5              w           00010      1
     229            r           10010      1
     125            w           11110      1
     153            m           01100      1
     45             w           10110      1
     20             w           01010      0
     247            r           11011      1
     90             w           01101      0
     30             m           01111      0
     246            r           11011      0
     160            m           10000      0
     235            w           10101      1
     198            w           00011      0
     237            r           10110      1
     249            r           11100      1
     209            r           01000      1
     215            m           01011      1
     67             r           00001      1
     134            m           00011      0
     183            m           11011      1
     72             m           00100      0
     162            w           10001      0
     80             w           01000      0
     233            w           10100      1
     213            r           01010      1
     153            r           01100      1
     100            r           10010      0
     218            m           01101      0
     122            m           11101      0
     30             w           01111      0
     82             r           01001      0
     158            r           01111      0
     252            w           11110      0
     7              m           00011      1
     175            m           10111      1
     112            m           11000      0
     96             m           10000      0
     144            m           01000      0
     147            r           01001      1
     46             m           10111      0
     114            m           11001      0
     216            m           01100      0
     28             m           01110      0
     216            r           01100      0
     63             w           11111      1
     100            m           10010      0
     233            m           10100      1
     21             w           01010      1
     155            m           01101      1
     155            m           01101      1
     160            m           10000      0
     174            m           10111      0
     156            w           01110      0
     71             r           00011      1
     104            m           10100      0
     17             r           01000      1
     29             m           01110      1
     26             r           01101      0
     111            w           10111      1
     207            m           00111      1
     61             m           11110      1
     39             r           10011      1
     101            m           10010      1
     30             w           01111      0
     221            w           01110      1
     101            r           10010      1
     0              w           00000      0
     88             w           01100      0
     37             w           10010      1
     48             w           11000      0
     118            w           11011      0
     122            w           11101      0
     0              m           00000      0
     200            w           00100      0
     6              m           00011      0
     166            m           10011      0
     155            r           01101      1
     207            w           00111      1
     112            w           11000      0
     161            m           10000      1
     234            w           10101      0
     207            w           00111      1
     119            m           11011      1
     86             m           01011      0
     35             r           10001      1
     178            r           11001      0
     102            r           10011      0
     81             r           01000      1
     64             w           00000      0
     72             m           00100      0
     136            w           00100      0
     69             r           00010      1
     130            m           00001      0
     196            m           00010      0
     175            r           10111      1
     134            m           00011      0
     233            r           10100      1
     63             r           11111      1
     175            r           10111      1
     144            r           01000      0
     189            m           11110      1
     52             w           11010      0
     223            m           01111      1
     126            m           11111      0
     8              r           00100      0
     3              w           00001      1
     158            r           01111      0
     148            w           01010      0
     25             w           01100      1
     111            r           10111      1
     204            r           00110      0
     181            w           11010      1
     2              w           00001      0
     31             w           01111      1
     77             m           00110      1
     237            r           10110      1
     27             m           01101      1
     32             w           10000      0
     138            w           00101      0
     233            r           10100      1
     126            w           11111      0
     97             r           10000      1
     240            m           11000      0
     122            r           11101      0
     137            m           00100      1
     54             w           11011      0
     111            m           10111      1
     23             r           01011      1
     95             w           01111      1
     214            w           01011      0
     252            m           11110      0
     88             r           01100      0
     102            r           10011      0
     221            r           01110      1
     15             w           00111      1
     123            m           11101      1
     202            m           00101      0
     203            w           00101      1
     37             w           10010      1
     226            r           10001      0
     249            w           11100      1
     130            m           00001      0
     63             r           11111      1
     146            m           01001      0
     37             r           10010      1
     204            m           00110      0
     98             m           10001      0
     182            r           11011      0
     198            r           00011      0
     211            r           01001      1
     21             w           01010      1
     26             m           01101      0
     21             m           01010      1
     167            w           10011      1
     230            m           10011      0
     177            m           11000      1
     146            m           01001      0
     188            r           11110      0
     229            r           10010      1
     15             m           00111      1
     127            r           11111      1
     105            m           10100      1
     39             w           10011      1
     240            m           11000      0
     98             r           10001      0
     106            w           10101      0
     68             m           00010      0
     175            w           10111      1
     135            r           00011      1
     94             m           01111      0
     218            w           01101      0
     208            w           01000      0
     123            w           11101      1
     74             r           00101      0
     8              w           00100      0
     119            r           11011      1
     147            m           01001      1
     21             m           01010      1
     244            w           11010      0
     238            r           10111      0
     99             r           10001      1
     10             r           00101      0
     70             m           00011      0
     35             r           10001      1
     71             r           00011      1
     89             w           01100      1
     170            w           10101      0
     39             m           10011      1
     221            m           01110      1
     150            w           01011      0
     81             w           01000      1
     176            w           11000      0
     137            r           00100      1
     56             w           11100      0
     113            w           11000      1
     152            m           01100      0
     240            m           11000      0
     27             r           01101      1
     192            m           00000      0
     92             m           01110      0
     126            r           11111      0
     255            m           11111      1
     253            r           11110      1
     158            r           01111      0
     224            r           10000      0
     6              w           00011      0
     104            m           10100      0
     164            m           10010      0
     138            r           00101      0
     58             m           11101      0
     69             r           00010      1
     214            w           01011      0
     50             r           11001      0
     5              r           00010      1
     93             m           01110      1
     68             w           00010      0
     83             m           01001      1
     183            w           11011      1
     124            r           11110      0
     30             m           01111      0
     171            w           10101      1
     4              m           00010      0
     244            m           11010      0
     57             r           11100      1
     190            r           11111      0
     131            m           00001      1
     24             w           01100      0
     145            w           01000      1
     81             r           01000      1
     48             r           11000      0
     194            m           00001      0
     194            w           00001      0
     239            w           10111      1
     235            r           10101      1
     207            r           00111      1
     141            r           00110      1
     103            m           10011      1
     247            w           11011      1
     158            r           01111      0
     89             r           01100      1
     76             w           00110      0
     123            m           11101      1
     148            m           01010      0
     175            w           10111      1
     116            m           11010      0
     5              w           00010      1
     154            r           01101      0
     189            w           11110      1
     121            m           11100      1
     2              w           00001      0
     157            w           01110      1
     213            w           01010      1
     59             w           11101      1
     71             m           00011      1
     13             w           00110      1
     235            m           10101      1
     92             r           01110      0
     139            m           00101      1
     95             r           01111      1
     26             r           01101      0
     195            r           00001      1
     234            r           10101      0
     139            r           00101      1
     31             w           01111      1
     26             w           01101      0
     100            w           10010      0
     142            m           00111      0
     220            w           01110      0
     80             r           01000      0
     91             w           01101      1
     233            w           10100      1
     215            r           01011      1
     24             m           01100      0
     25             m           01100      1
     33             m           10000      1
     184            r           11100      0
     103            w           10011      1
     72             m           00100      0
     61             r           11110      1
     207            r           00111      1
     250            r           11101      0
     120            r           11100      0
     75             m           00101      1
     140            m           00110      0
     206            m           00111      0
     157            r           01110      1
     220            r           01110      0
     5              m           00010      1
     166            m           10011      0
     143            w           00111      1
     131            r           00001      1
     115            m           11001      1
     136            r           00100      0
     136            m           00100      0
     90             m           01101      0
     181            w           11010      1
     64             w           00000      0
     168            m           10100      0
     124            r           11110      0
     203            w           00101      1
     220            r           01110      0
     116            m           11010      0
     140            m           00110      0
     93             m           01110      1
     46             w           10111      0
     83             r           01001      1
     44             m           10110      0
     50             w           11001      0
     77             w           00110      1
     16             r           01000      0
     135            w           00011      1
     185            m           11100      1
     21             m           01010      1
     92             w           01110      0
     201            w           00100      1
     131            w           00001      1
     162            m           10001      0
     72             r           00100      0
     161            m           10000      1
     198            w           00011      0
     217            w           01100      1
     207            m           00111      1
     198            m           00011      0
     221            w           01110      1
     223            m           01111      1
     74             m           00101      0
     110            r           10111      0
     195            r           00001      1
     160            r           10000      0
     250            w           11101      0
     216            w           01100      0
     155            w           01101      1
     73             w           00100      1
     130            r           00001      0
     196            w           00010      0
     43             r           10101      1
     206            m           00111      0
     105            m           10100      1
     246            r           11011      0
     91             m           01101      1
     102            r           10011      0
     156            m           01110      0
     183            m           11011      1
     187            m           11101      1
     10             w           00101      0
     235            r           10101      1
     84             w           01010      0
     251            r           11101      1
     249            w           11100      1
     136            w           00100      0
     157            w           01110      1
     113            w           11000      1
     54             w           11011      0
     139            w           00101      1
     102            w           10011      0
     150            r           01011      0
     9              m           00100      1
     112            w           11000      0
     10             m           00101      0
     137            r           00100      1
     122            r           11101      0
     151            r           01011      1
     227            m           10001      1
     139            w           00101      1
     217            m           01100      1
     195            r           00001      1
     211            w           01001      1
     129            m           00000      1
     57             r           11100      1
     156            r           01110      0
     190            r           11111      0
     117            m           11010      1
     240            r           11000      0
     45             r           10110      1
     13             r           00110      1
     21             w           01010      1
     25             r           01100      1
     102            w           10011      0
     45             m           10110      1
     51             r           11001      1
     18             r           01001      0
     155            m           01101      1
     15             w           00111      1
     67             w           00001      1
     254            r           11111      0
     4              r           00010      0
     165            r           10010      1
     224            w           10000      0
     68             w           00010      0
     59             w           11101      1
     107            r           10101      1
     71             r           00011      1
     14             w           00111      0
     193            w           00000      1
     219            m           01101      1
     219            w           01101      1
     203            m           00101      1
     121            m           11100      1
     248            w           11100      0
     159            w           01111      1
     174            r           10111      0
     42             r           10101      0
     196            r           00010      0
     191            m           11111      1
     45             w           10110      1
     2              m           00001      0
     202            r           00101      0
     8              m           00100      0
     130            w           00001      0
     14             m           00111      0
     149            r           01010      1
     107            m           10101      1
     45             r           10110      1
     195            m           00001      1
     55             w           11011      1
     126            w           11111      0
     112            w           11000      0
     120            r           11100      0
     195            w           00001      1
     250            w           11101      0
     210            w           01001      0
     234            m           10101      0
     211            w           01001      1
     62             m           11111      0
     157            m           01110      1
     182            r           11011      0
     2              r           00001      0
     203            w           00101      1
     96             w           10000      0
     227            m           10001      1
     115            w           11001      1
     198            m           00011      0
     109            w           10110      1
     85             m           01010      1
     73             w           00100      1
     122            w           11101      0
     92             w           01110      0
     91             m           01101      1
     45             m           10110      1
     211            r           01001      1
     134            m           00011      0
     34             w           10001      0
     203            m           00101      1
     227            r           10001      1
     139            r           00101      1
     63             m           11111      1
     85             w           01010      1
     97             m           10000      1
     205            r           00110      1
     41             w           10100      1
     254            w           11111      0
     37             r           10010      1
     242            m           11001      0
     189            m           11110      1
     128            m           00000      0
     173            r           10110      1
     102            r           10011      0
     185            w           11100      1
     152            m           01100      0
